MeshAnim
1
30
48
-0.006957889 -0.99172 -0.1282309 0
0.9981121 0.0009378791 -0.06141199 0
0.06102376 -0.1284161 0.9898411 0
0 1.040789 1.776357E-17 1

-0.008917737 -0.9915676 -0.1292836 0
0.9992973 -0.004129721 -0.03725624 0
0.03640818 -0.129525 0.9909075 0
0.0006265138 1.130087 0.01154638 1

0.9981052 1.991284E-07 -0.06153321 0
0.007937649 0.9916445 0.1287574 0
0.06101908 -0.1290018 0.9897652 0
-0.0002253768 1.012634 -0.003655781 1

-0.01385047 -0.9910234 -0.132969 0
0.999835 -0.01216255 -0.01349836 0
0.01175995 -0.133134 0.9910282 0
0.0014295 1.219372 0.02318756 1

0.02616328 0.754856 -0.6553688 0
-0.9995826 0.02779764 -0.007887396 0
0.01226385 0.6553015 0.7552679 0
-0.1843171 0.9764569 0.04923284 1

-0.02660975 0.958268 0.2846311 0
-0.996798 -0.04691301 0.06475314 0
0.07540375 -0.2819967 0.9564477 0
0.1889688 0.976457 0.02621976 1

-0.01562228 -0.9908745 -0.1338791 0
0.9997947 -0.01720889 0.01070159 0
-0.01290783 -0.1336844 0.9909399 0
0.002541875 1.298964 0.03386672 1

0.02616328 0.754856 -0.6553688 0
-0.9987678 -0.007920218 -0.04899481 0
-0.0421747 0.655843 0.7537183 0
-0.1897989 0.8182974 0.1865475 1

-0.02660975 0.958268 0.2846311 0
-0.9986206 -0.03837563 0.03583995 0
0.04526717 -0.2832848 0.957967 0
0.1945441 0.775678 -0.03341695 1

0.001680234 -0.9912643 -0.1318803 0
0.999295 -0.003281724 0.03739799 0
-0.03750408 -0.1318501 0.99056 0
0.00379655 1.378544 0.04461898 1

0.001810286 0.9807143 -0.1954397 0
-0.9987678 -0.007920218 -0.04899481 0
-0.04959783 0.1952875 0.9794911 0
-0.1952807 0.6601379 0.3238622 1

-0.01087336 0.818885 0.5738549 0
-0.9986206 -0.03837563 0.03583995 0
0.05137086 -0.5726736 0.8181724 0
0.2001195 0.5748991 -0.09305367 1

0.02044757 -0.7878672 -0.6155058 0
0.999295 -0.003281724 0.03739799 0
-0.03148454 -0.6158366 0.7872444 0
0.001642545 1.711259 0.1313709 1

0.9953569 -0.0933552 0.02343366 0
0.08939241 0.9868712 0.1345142 0
-0.03568361 -0.1317949 0.9906344 0
-0.164217 1.547282 0.06071783 1

0.9867911 0.03156376 0.158894 0
0.04689438 -0.9944975 -0.09367816 0
0.1550629 0.09989201 -0.9828415 0
0.1712399 1.54618 0.07327209 1

0.001810286 0.9807143 -0.1954397 0
-0.9987678 -0.007920218 -0.04899481 0
-0.04959783 0.1952875 0.9794911 0
-0.1957729 0.3935052 0.3769976 1

-0.01087336 0.818885 0.5738549 0
-0.9986206 -0.03837563 0.03583995 0
0.05137086 -0.5726736 0.8181724 0
0.2030757 0.3522637 -0.2490711 1

-0.003504967 -0.9953467 -0.09629481 0
0.9995755 -0.006272521 0.02845225 0
-0.02892387 -0.09615418 0.9949462 0
1.634099E-05 1.773919 0.1803224 1

0.59689 0.7078502 0.3777171 0
-0.7922145 0.5944673 0.1378577 0
-0.1269579 -0.3815188 0.9156011 0
-0.3160925 1.561526 0.05714223 1

0.5381119 -0.7416074 0.4005671 0
-0.8106535 -0.5855051 0.005011216 0
0.2308177 -0.3274176 -0.9162539 0
0.3218084 1.550996 0.09751679 1

0.02325355 0.2184161 -0.9755786 0
-0.9997162 -3.082678E-07 -0.02382895 0
-0.005204938 0.9758559 0.218354 0
-0.196265 0.1268722 0.430133 1

-0.02033534 0.5212844 -0.8531407 0
-0.999716 -2.428424E-07 0.0238289 0
0.01242135 0.8533832 0.5211363 0
0.2060319 0.1296285 -0.4050886 1

0.59689 0.7078502 0.3777171 0
-0.8021871 0.5178543 0.2971914 0
0.01476453 -0.4803904 0.8769306 0
-0.4037287 1.457599 0.001685321 1

0.5381119 -0.7416074 0.4005671 0
-0.8427961 -0.4669852 0.2676183 0
-0.01140889 -0.4816049 -0.8763142 0
0.4008148 1.442112 0.1563285 1

0.02332523 -0.2045374 -0.9785807 0
-0.9997162 1.057424E-05 -0.02383122 0
0.004884709 0.9788589 -0.204479 0
-0.2005483 0.0866406 0.6098323 1

-0.02382886 1.490116E-08 -0.999716 0
-0.9997161 -2.363231E-07 0.02382888 0
-3.171153E-07 1 0 0
0.2097776 0.03360903 -0.2479421 1

0.003084044 0.727573 -0.6860232 0
-0.7870061 0.4250034 0.4472062 0
0.6169373 0.5385255 0.5739151 0
-0.4913649 1.353671 -0.0537716 1

0.1138217 0.7581955 0.6420158 0
-0.8041082 -0.3092186 0.5077341 0
0.5834848 -0.5740412 0.5744756 0
0.479821 1.333229 0.2151403 1

0.003084044 0.727573 -0.6860232 0
-0.8161768 0.3982154 0.4186647 0
0.577794 0.5586249 0.5950562 0
-0.4917451 1.26397 0.0308075 1

0.1138217 0.7581955 0.6420158 0
-0.8201498 -0.2930045 0.4914296 0
0.5607134 -0.5824844 0.5884836 0
0.493854 1.426706 0.2942938 1

0.2258227 0.5181808 -0.8249198 0
-0.8057756 0.5752482 0.1407653 0
0.5474756 0.6329124 0.5474415 0
-0.4921254 1.174268 0.1153866 1

0.07670929 0.9627924 0.2591266 0
-0.8148092 -0.08924986 0.5728183 0
0.574632 -0.2550792 0.7776456 0
0.507887 1.520183 0.3734473 1

0.09994218 0.7633835 -0.6381671 0
-0.8677843 0.380661 0.3194494 0
0.4867877 0.5218648 0.7004961 0
-0.5680774 1.142924 0.1956358 1

-0.26554 0.7788211 -0.5682661 0
0.43284 0.6229892 0.6515626 0
0.8614743 -0.0729524 -0.5025334 0
-0.4629081 1.158383 0.2384301 1

0.4125605 -0.3528039 -0.8398354 0
0.7393662 0.6682314 0.08249076 0
0.5321013 -0.6549783 0.5365369 0
0.5699554 1.61647 0.3816546 1

0.7170711 -0.1486198 -0.6809711 0
-0.6969927 -0.148321 -0.7015716 0
0.003265063 0.9777082 -0.2099436 0
0.4611617 1.636807 0.3519686 1

0.2181768 0.8068034 0.5490603 0
-0.5942162 0.5561237 -0.5810626 0
-0.7741486 -0.1994863 0.6007491 0
0.5073926 1.740828 0.5075018 1

-0.7515848 0.6572599 0.05594505 0
-0.3677242 -0.4878834 0.7916745 0
0.5476306 0.5744381 0.6083761 0
-0.5750633 1.089563 0.2402437 1

0.1736176 0.9751454 0.1376535 0
0.4744355 -0.2053065 0.856014 0
0.8629993 -0.08331138 -0.4982885 0
-0.4440539 1.103084 0.2787787 1

0.1776776 -0.5937262 -0.7848057 0
0.8210974 0.5290219 -0.214325 0
0.5424297 -0.606321 0.5815022 0
0.5405431 1.641622 0.441528 1

-0.1226928 -0.2167445 -0.9684879 0
-0.9924043 0.03560481 0.1177543 0
0.008960185 0.9755791 -0.2194667 0
0.4102475 1.647359 0.4003195 1

0.2181768 0.8068034 0.5490603 0
-0.5942162 0.5561237 -0.5810626 0
-0.7741486 -0.1994863 0.6007491 0
0.5073926 1.740828 0.5075018 1

-0.8195117 0.221531 0.5285117 0
0.1688231 -0.7880004 0.5920762 0
0.5476306 0.5744381 0.6083761 0
-0.5331478 1.052908 0.2371236 1

0.2303394 0.9384503 0.2573998 0
0.4477988 -0.3370627 0.8281695 0
0.863956 -0.07549684 -0.497876 0
-0.4496455 1.071679 0.2743454 1

0.7975844 0.154259 -0.5831498 0
0.2638742 0.7801148 0.5672666 0
0.5424297 -0.606321 0.5815022 0
0.530634 1.674734 0.4852964 1

-0.2958081 -0.1996604 -0.9341487 0
-0.9552038 0.07117289 0.2872633 0
0.009130919 0.9772772 -0.2117699 0
0.4141989 1.65434 0.4315102 1

-0.2761152 -0.5622975 0.7794755 0
0.7898487 -0.5948464 -0.1493202 0
0.5476306 0.5744381 0.6083761 0
-0.4974885 1.043269 0.2141266 1

0.387173 0.7947118 0.4674727 0
-0.7455651 -0.02842911 0.6658264 0
0.5424297 -0.606321 0.5815022 0
0.495929 1.668022 0.5106708 1

-0.006521106 -0.9917195 -0.1282576 0
0.9982663 0.001046836 -0.05884987 0
0.05849683 -0.128419 0.9899933 0
-2.467161E-19 1.029386 1.381611E-17 1

-0.008681634 -0.9915683 -0.1292942 0
0.9993491 -0.004075946 -0.03584368 0
0.03501447 -0.1295212 0.9909582 0
0.0005871843 1.118684 0.01154879 1

0.9982598 0.0001091568 -0.05897111 0
0.00749952 0.9916441 0.1287866 0
0.05849241 -0.1290047 0.9899174 0
-0.0002146871 1.00123 -0.003656407 1

-0.01418258 -0.9910219 -0.132946 0
0.9998333 -0.01252628 -0.01328635 0
0.01150175 -0.1331122 0.9910342 0
0.001368911 1.207968 0.02319091 1

0.02728158 0.7702867 -0.6371141 0
-0.9995753 0.02756902 -0.00947076 0
0.01026948 0.6371018 0.7707114 0
-0.1844376 0.9650331 0.04875918 1

-0.03098418 0.9798566 0.1972856 0
-0.9970365 -0.04420472 0.06296382 0
0.07041645 -0.19475 0.978322 0
0.1889061 0.9650739 0.02670431 1

-0.01613365 -0.9908703 -0.1338504 0
0.9997975 -0.01759791 0.009763804 0
-0.01203015 -0.1336658 0.9909534 0
0.002507959 1.28756 0.03386823 1

0.02728158 0.7702867 -0.6371141 0
-0.9987513 -0.005683126 -0.04963813 0
-0.04185632 0.6376728 0.7691695 0
-0.1901537 0.8036405 0.1822491 1

-0.03098418 0.9798566 0.1972856 0
-0.9986302 -0.03867505 0.0352494 0
0.04216936 -0.1959231 0.9797121 0
0.195398 0.7597717 -0.01463151 1

0.0007278747 -0.9912741 -0.1318156 0
0.9993697 -0.003957063 0.03527639 0
-0.03549017 -0.1317581 0.9906464 0
0.003803703 1.36714 0.04461818 1

0.002620855 0.9861826 -0.1656421 0
-0.9987513 -0.005683126 -0.04963813 0
-0.04989355 0.1655653 0.9849359 0
-0.1958698 0.6422479 0.3157391 1

-0.008328572 0.7825013 0.6225936 0
-0.9986302 -0.03867505 0.0352494 0
0.05166148 -0.6214471 0.781751 0
0.2018899 0.5544694 -0.05596734 1

0.01860624 -0.7879222 -0.6154937 0
0.9993697 -0.003957063 0.03527639 0
-0.0302306 -0.6157623 0.7873518 0
0.002059572 1.699863 0.1313517 1

0.995341 -0.09402879 0.02132663 0
0.09034717 0.9868194 0.1342564 0
-0.03366949 -0.1317041 0.9907171 0
-0.1640608 1.535993 0.06106216 1

0.9871474 0.03090507 0.1567963 0
0.04602083 -0.9945355 -0.09370933 0
0.1530434 0.09972081 -0.9831753 0
0.1714212 1.534665 0.07290421 1

0.002620855 0.9861826 -0.1656421 0
-0.9987513 -0.005683126 -0.04963813 0
-0.04989355 0.1655653 0.9849359 0
-0.1965824 0.3741285 0.3607731 1

-0.008328572 0.7825013 0.6225936 0
-0.9986302 -0.03867505 0.0352494 0
0.05166148 -0.6214471 0.781751 0
0.2041542 0.341726 -0.2252356 1

-0.003315841 -0.9954182 -0.09556131 0
0.9995716 -0.006077949 0.02862773 0
-0.02907738 -0.09542546 0.9950117 0
0.0005798084 1.762527 0.1803022 1

0.5971678 0.7134591 0.366561 0
-0.7928226 0.5943734 0.1347311 0
-0.121749 -0.371075 0.9205869 0
-0.3159339 1.55034 0.05780806 1

0.5367319 -0.7458968 0.394407 0
-0.8121793 -0.5834049 0.00193397 0
0.2286564 -0.3213672 -0.918934 0
0.3220441 1.53938 0.09682883 1

0.02238696 0.4134161 -0.9102669 0
-0.9997015 0.0003227619 -0.02443996 0
-0.009810017 0.9105424 0.4132997 0
-0.1972949 0.1060088 0.4058073 1

-0.01984661 0.5318891 -0.8465817 0
-0.9997294 -0.0002771367 0.02326281 0
0.01213867 0.8468145 0.5317506 0
0.2064185 0.1289825 -0.394504 1

0.5971678 0.7134591 0.366561 0
-0.8017927 0.5179682 0.2980561 0
0.02278386 -0.4718954 0.8813601 0
-0.4036109 1.445589 0.003989108 1

0.5367319 -0.7458968 0.394407 0
-0.8436134 -0.4659067 0.2669221 0
-0.01533955 -0.4759926 -0.8793154 0
0.4008478 1.429867 0.1547362 1

0.02443988 2.093613E-05 -0.9997014 0
-0.9997015 0.0003359821 -0.02443994 0
0.0003354014 1 2.914667E-05 0
-0.2014186 0.02985859 0.5734763 1

-0.02325251 -0.02009524 -0.9995277 0
-0.9997294 -0.0002771239 0.02326277 0
-0.0007443968 0.9997983 -0.02008335 0
0.2100742 0.03100979 -0.2385657 1

-0.00182305 0.7269749 -0.6866616 0
-0.7845087 0.4247707 0.4517916 0
0.620115 0.5395161 0.5695439 0
-0.4912878 1.340838 -0.04982984 1

0.1179121 0.7556941 0.6442231 0
-0.8032931 -0.3088104 0.5092708 0
0.5837957 -0.5775491 0.5706312 0
0.4796515 1.320353 0.2126435 1

-0.00182305 0.7269749 -0.6866616 0
-0.8136449 0.3981199 0.4236534 0
0.5813592 0.5594713 0.5907737 0
-0.491063 1.25121 0.03482794 1

0.1179121 0.7556941 0.6442231 0
-0.8210984 -0.2906595 0.4912382 0
0.5584753 -0.5868934 0.5862266 0
0.4941886 1.413522 0.2920691 1

0.2191757 0.5174114 -0.8271926 0
-0.8052965 0.5746034 0.146042 0
0.5508716 0.6341267 0.5426087 0
-0.4908383 1.161582 0.1194857 1

0.0782895 0.9626193 0.2592972 0
-0.8170311 -0.08708434 0.5699794 0
0.571254 -0.2564773 0.7796721 0
0.5087259 1.506691 0.3714948 1

0.09443258 0.7627122 -0.6398068 0
-0.8657808 0.3801697 0.3254143 0
0.4914327 0.523203 0.6962421 0
-0.5661615 1.130259 0.2003332 1

-0.2705371 0.7778651 -0.5672176 0
0.4370208 0.6242135 0.6475881 0
0.8578009 -0.07268906 -0.5088161 0
-0.4606939 1.145875 0.2423283 1

0.4145771 -0.3539585 -0.8383549 0
0.7407964 0.6663297 0.08500484 0
0.5285327 -0.6562914 0.5384562 0
0.5710137 1.602818 0.3799092 1

0.7190576 -0.1505439 -0.6784491 0
-0.6949199 -0.1465975 -0.7039855 0
0.006521715 0.9776738 -0.210028 0
0.4623771 1.623432 0.3498415 1

0.2183411 0.8062971 0.5497385 0
-0.590747 0.5575927 -0.5831885 0
-0.7767532 -0.1974224 0.5980628 0
0.5083332 1.727351 0.5055249 1

-0.7518192 0.6565673 0.06072397 0
-0.3613505 -0.4872976 0.7949635 0
0.5515378 0.5757263 0.6036106 0
-0.5727624 1.076945 0.2450557 1

0.1736387 0.9754863 0.1351918 0
0.4809744 -0.2037922 0.8527206 0
0.859368 -0.08304143 -0.5045699 0
-0.441485 1.090645 0.2826025 1

0.1788825 -0.5942679 -0.7841219 0
0.8232034 0.5268776 -0.21151 0
0.5388298 -0.6076562 0.5834523 0
0.5414575 1.628052 0.439677 1

-0.1198707 -0.2165321 -0.9688888 0
-0.9927142 0.03817891 0.114286 0
0.01224455 0.975529 -0.2195309 0
0.4113219 1.634121 0.3980134 1

0.2183411 0.8062971 0.5497385 0
-0.590747 0.5575927 -0.5831885 0
-0.7767532 -0.1974224 0.5980628 0
0.5083332 1.727351 0.5055249 1

-0.8157983 0.2213414 0.534304 0
0.1740087 -0.7871134 0.5917547 0
0.5515378 0.5757263 0.6036106 0
-0.5308338 1.040329 0.2416691 1

0.2312837 0.9389932 0.2545584 0
0.4542666 -0.3356088 0.8252327 0
0.8603196 -0.07522538 -0.5041737 0
-0.4470772 1.059229 0.2782486 1

0.8000104 0.1521366 -0.5803775 0
0.2639055 0.7794926 0.5681069 0
0.5388298 -0.6076562 0.5834523 0
0.5314815 1.661195 0.4834072 1

-0.2930601 -0.1989975 -0.9351558 0
-0.9560137 0.07366928 0.2839201 0
0.01239289 0.9772273 -0.2118338 0
0.4151824 1.641095 0.4292171 1

-0.2697585 -0.5616336 0.7821751 0
0.7893265 -0.5942281 -0.154455 0
0.5515378 0.5757263 0.6036106 0
-0.4953359 1.030697 0.21842 1

0.3875892 0.7937604 0.4687424 0
-0.7479556 -0.02643262 0.6632228 0
0.5388298 -0.6076562 0.5834523 0
0.4966707 1.654575 0.5086611 1

-0.005737066 -0.9917189 -0.1282993 0
0.9985266 0.001242101 -0.05425116 0
0.05396127 -0.1284215 0.9902505 0
-4.934321E-19 1.013261 9.868651E-18 1

-0.00824211 -0.9915696 -0.1293132 0
0.9994402 -0.003974925 -0.03322194 0
0.03242785 -0.1295147 0.9910471 0
0.0005165865 1.102559 0.01155254 1

0.9985209 0.0003044221 -0.05437245 0
0.006713048 0.9916438 0.1288328 0
0.05395731 -0.1290071 0.9901747 0
-0.0001972001 0.9851055 -0.003657184 1

-0.01471894 -0.9910156 -0.1329347 0
0.9998327 -0.01314241 -0.01272884 0
0.0108674 -0.1330998 0.9910431 0
0.001258736 1.191844 0.02319638 1

0.03283075 0.699343 -0.714032 0
-0.9993634 0.03295892 -0.01366916 0
0.01397432 0.7140263 0.6999795 0
-0.1846526 0.9488717 0.04790883 1

-0.03736543 0.9983224 0.0442325 0
-0.9974095 -0.03998087 0.05980049 0
0.06146862 -0.04188342 0.9972299 0
0.1887888 0.9489856 0.02757383 1

-0.01697786 -0.9908574 -0.133842 0
0.9997985 -0.01825815 0.008344332 0
-0.01071175 -0.1336734 0.9909676 0
0.002440861 1.271435 0.03387278 1

0.03283075 0.699343 -0.714032 0
-0.9988619 -0.001776705 -0.04766713 0
-0.03460427 0.7147843 0.6984884 0
-0.1915313 0.8023435 0.1975148 1

-0.03736543 0.9983224 0.0442325 0
-0.9986305 -0.03892585 0.03495741 0
0.03662055 -0.04286569 0.9984095 0
0.1966177 0.7398143 0.01830611 1

-0.000873764 -0.9912828 -0.1317486 0
0.9994804 -0.005110314 0.03182196 0
-0.03221782 -0.1316524 0.9907724 0
0.003804407 1.351014 0.04462206 1

0.0007661097 0.99858 -0.05327298 0
-0.9988619 -0.001776705 -0.04766713 0
-0.0476941 0.05324882 0.9974415 0
-0.1984101 0.6558152 0.3471207 1

-0.003311273 0.7138488 0.7002922 0
-0.9986305 -0.03892585 0.03495741 0
0.05221375 -0.6992174 0.7129998 0
0.2044466 0.530643 0.009038392 1

0.01556761 -0.7879834 -0.6154999 0
0.9994804 -0.005110314 0.03182196 0
-0.02822058 -0.6156755 0.7874944 0
0.002744756 1.683744 0.131338 1

0.9952993 -0.09517822 0.01789243 0
0.09195149 0.9867231 0.133875 0
-0.03039685 -0.1316005 0.9908367 0
-0.1638069 1.520062 0.06163451 1

0.9877187 0.02977386 0.153381 0
0.04454684 -0.9945942 -0.09379898 0
0.149759 0.09947965 -0.9837054 0
0.1717122 1.518346 0.07231691 1

0.0007661097 0.99858 -0.05327298 0
-0.9988619 -0.001776705 -0.04766713 0
-0.0476941 0.05324882 0.9974415 0
-0.1986184 0.3843251 0.3616044 1

-0.003311273 0.7138488 0.7002922 0
-0.9986305 -0.03892585 0.03495741 0
0.05221375 -0.6992174 0.7129998 0
0.2053468 0.3365647 -0.1813543 1

-0.002939136 -0.9955517 -0.09417129 0
0.999557 -0.005714584 0.02921667 0
-0.02962487 -0.09404366 0.9951273 0
0.001506656 1.746413 0.180289 1

0.5973786 0.7232124 0.3465582 0
-0.7939952 0.5941206 0.1288104 0
-0.1127401 -0.3521141 0.9291421 0
-0.3156737 1.534585 0.0589044 1

0.5340466 -0.7535905 0.3832698 0
-0.8149247 -0.5795533 -0.004012771 0
0.2251492 -0.3101928 -0.923628 0
0.3224223 1.522889 0.0957204 1

0.02153901 0.4134885 -0.9102545 0
-0.9997473 0.003009365 -0.02228956 0
-0.006477152 0.9105046 0.4134488 0
-0.1988267 0.112835 0.376088 1

-0.01996862 0.5730362 -0.8192868 0
-0.9997032 -2.916437E-06 0.02436393 0
0.01395905 0.8195303 0.572866 0
0.2062471 0.1424862 -0.3717471 1

0.5973786 0.7232124 0.3465582 0
-0.8011143 0.5183198 0.2992667 0
0.03680538 -0.4564082 0.889009 0
-0.4033816 1.428402 0.008022293 1

0.5340466 -0.7535905 0.3832698 0
-0.8451733 -0.4641545 0.2650342 0
-0.02183088 -0.4654698 -0.8847946 0
0.4008318 1.412246 0.1519926 1

0.02221833 -0.02193244 -0.9995125 0
-0.9997473 0.003009366 -0.02228956 0
0.00349681 0.9997551 -0.02185988 0
-0.2027941 0.0366714 0.5437548 1

-0.02436027 -0.01721115 -0.9995551 0
-0.9997032 -2.911547E-06 0.02436392 0
-0.0004222039 0.9998521 -0.01720598 0
0.2099253 0.03693414 -0.2208364 1

-0.01094395 0.7251554 -0.6884985 0
-0.7799075 0.4247228 0.4597328 0
0.6257988 0.5419966 0.5609062 0
-0.4910895 1.322219 -0.04285982 1

0.1246307 0.7508276 0.6486337 0
-0.8020781 -0.3085853 0.5113178 0
0.5840703 -0.5839806 0.5637633 0
0.4792411 1.301603 0.2082647 1

-0.01094395 0.7251554 -0.6884985 0
-0.8088346 0.3984205 0.43249 0
0.5879344 0.5616146 0.5821705 0
-0.4897403 1.232815 0.04202443 1

0.1246307 0.7508276 0.6486337 0
-0.8230106 -0.2869053 0.4902441 0
0.554185 -0.5949315 0.5821819 0
0.4946067 1.394172 0.2882341 1

0.2065902 0.5149024 -0.8319833 0
-0.8042711 0.5736133 0.1552919 0
0.5571971 0.6370584 0.532624 0
-0.488391 1.143411 0.1269087 1

0.08043339 0.9621913 0.2602283 0
-0.8214173 -0.08390356 0.5641224 0
0.5646276 -0.2591303 0.7836118 0
0.5099723 1.486741 0.3682034 1

0.08401258 0.7606288 -0.6437281 0
-0.8618678 0.3797003 0.336172 0
0.500126 0.5265658 0.6874611 0
-0.5625156 1.112232 0.2089117 1

-0.2799341 0.7753575 -0.5660899 0
0.4448457 0.627303 0.6392211 0
0.8507346 -0.07288289 -0.5205178 0
-0.4565007 1.128193 0.2493714 1

0.419057 -0.3553678 -0.8355269 0
0.742929 0.66322 0.09053269 0
0.5219658 -0.6586752 0.5419399 0
0.5725963 1.582606 0.3770985 1

0.7232332 -0.1532765 -0.6733797 0
-0.6904987 -0.1434559 -0.7089659 0
0.01206751 0.9777151 -0.2095892 0
0.4642629 1.603681 0.3462675 1

0.2177671 0.805183 0.551596 0
-0.5842689 0.5602518 -0.5871524 0
-0.7817978 -0.194418 0.5924479 0
0.5095412 1.707351 0.5023147 1

-0.7521496 0.6553757 0.06894766 0
-0.3492594 -0.4851671 0.8016428 0
0.5588284 0.5788746 0.5938143 0
-0.5683881 1.059065 0.2539083 1

0.1736486 0.976278 0.1293373 0
0.493248 -0.1998918 0.8466108 0
0.8523805 -0.08321732 -0.5162577 0
-0.4366247 1.073141 0.2895655 1

0.1819885 -0.5947173 -0.7830655 0
0.8268633 0.5235361 -0.2054442 0
0.5321441 -0.6100997 0.5870276 0
0.5427212 1.607941 0.4366647 1

-0.113875 -0.2156778 -0.9698021 0
-0.993335 0.04225438 0.1072411 0
0.01784877 0.9755502 -0.219052 0
0.4129112 1.614564 0.3940794 1

0.2177671 0.805183 0.551596 0
-0.5842689 0.5602518 -0.5871524 0
-0.7817978 -0.194418 0.5924479 0
0.5095412 1.707351 0.5023147 1

-0.8086639 0.2217019 0.5448953 0
0.1837762 -0.784699 0.5920082 0
0.5588284 0.5788746 0.5938143 0
-0.5264409 1.022514 0.250063 1

0.2330278 0.940313 0.2480121 0
0.46641 -0.331854 0.8199604 0
0.8533229 -0.07539807 -0.5159023 0
-0.442217 1.041699 0.2854001 1

0.8047407 0.1490296 -0.5746155 0
0.2630883 0.7781829 0.5702773 0
0.5321441 -0.6100997 0.5870276 0
0.5325717 1.641108 0.480336 1

-0.2872258 -0.1974373 -0.9372944 0
-0.9576947 0.07752997 0.277146 0
0.01794935 0.9772452 -0.2113534 0
0.4165787 1.621511 0.4253125 1

-0.2577134 -0.5593771 0.7878335 0
0.7882226 -0.5932973 -0.163412 0
0.5588284 0.5788746 0.5938143 0
-0.4912536 1.012868 0.2263531 1

0.3875333 0.791974 0.4718001 0
-0.7527556 -0.02357303 0.6578785 0
0.5321441 -0.6100997 0.5870276 0
0.4975552 1.634623 0.5053391 1

-0.004658818 -0.9917181 -0.128349 0
0.9988497 0.001510501 -0.04792802 0
0.04772496 -0.1284246 0.9905702 0
3.970465E-25 0.9964957 1.776357E-17 1

-0.007631129 -0.9915712 -0.1293379 0
0.9995551 -0.003834072 -0.02958174 0
0.02883652 -0.1295061 0.9911592 0
0.0004194971 1.085794 0.01155701 1

0.9988449 0.0005728225 -0.04804935 0
0.005631423 0.9916432 0.1288887 0
0.04772164 -0.1290103 0.9904943 0
-0.0001740248 0.96834 -0.003658015 1

-0.01543127 -0.9910046 -0.1329355 0
0.9998318 -0.01397398 -0.01188897 0
0.009924382 -0.1330966 0.9910533 0
0.001106632 1.175078 0.02320308 1

0.03544615 0.6654016 -0.7456437 0
-0.9992762 0.03391637 -0.01723682 0
0.01382009 0.7457149 0.666122 0
-0.1849425 0.932056 0.04673853 1

-0.04314386 0.9906902 -0.1291195 0
-0.9978173 -0.0362609 0.05519131 0
0.04999552 0.1312189 0.990092 0
0.1886201 0.9322702 0.02876833 1

-0.01810759 -0.9908358 -0.1338528 0
0.9997956 -0.01914982 0.006502484 0
-0.009006154 -0.1337077 0.9909799 0
0.002345967 1.254669 0.03387955 1

0.03544615 0.6654016 -0.7456437 0
-0.9989165 0.001072571 -0.04652905 0
-0.03016078 0.7464851 0.6647183 0
-0.1923692 0.7926391 0.2029679 1

-0.04314386 0.9906902 -0.1291195 0
-0.9986225 -0.03889882 0.03522043 0
0.02986995 0.1304612 0.9910033 0
0.1976597 0.724698 0.05582181 1

-0.003030102 -0.991288 -0.1316777 0
0.9996072 -0.006671317 0.02721967 0
-0.027861 -0.1315434 0.9909188 0
0.003800245 1.334246 0.04462969 1

-4.279753E-05 0.9997131 0.02396264 0
-0.9989165 0.001072571 -0.04652905 0
-0.04654139 -0.02393873 0.9986296 0
-0.199796 0.6532224 0.3591972 1

0.0006035164 0.6626298 0.748947 0
-0.9986225 -0.03889882 0.03522043 0
0.05247135 -0.7479365 0.6616933 0
0.2066993 0.5171258 0.08287528 1

0.01150135 -0.7880429 -0.6155128 0
0.9996072 -0.006671317 0.02721967 0
-0.02555653 -0.6155841 0.7876567 0
0.003660069 1.666983 0.1313276 1

0.9952212 -0.09673341 0.01331551 0
0.09410942 0.9865859 0.1333849 0
-0.02603968 -0.1314944 0.9909747 0
-0.1634665 1.503557 0.06240257 1

0.9884598 0.02823836 0.1488293 0
0.04255954 -0.9946681 -0.09393734 0
0.1453831 0.09918737 -0.9843911 0
0.1720952 1.501317 0.07154004 1

-4.279753E-05 0.9997131 0.02396264 0
-0.9989165 0.001072571 -0.04652905 0
-0.04654139 -0.02393873 0.9986296 0
-0.1997844 0.3814243 0.3526824 1

0.0006035164 0.6626298 0.748947 0
-0.9986225 -0.03889882 0.03522043 0
0.05247135 -0.7479365 0.6616933 0
0.2065352 0.3369726 -0.1207455 1

-0.002409444 -0.9957358 -0.09222108 0
0.9995338 -0.005204903 0.03008345 0
-0.03043518 -0.09210554 0.9952839 0
0.002745361 1.729656 0.1802796 1

0.5973495 0.7359624 0.318642 0
-0.7956605 0.5936396 0.1204837 0
-0.1004871 -0.3255018 0.9401866 0
-0.3153214 1.518317 0.06037084 1

0.5301584 -0.7639762 0.3677943 0
-0.8187152 -0.5740681 -0.01230494 0
0.2205396 -0.2945952 -0.9298258 0
0.3229183 1.505626 0.094249 1

0.02101677 0.4135534 -0.9102376 0
-0.9997693 0.004646019 -0.02097319 0
-0.004444586 0.9104683 0.4135554 0
-0.1997727 0.1096261 0.3461674 1

-0.01990442 0.5876616 -0.808862 0
-0.9996942 0.0001880832 0.02473694 0
0.01468902 0.8091071 0.5874779 0
0.2063711 0.1568193 -0.3243663 1

0.5973495 0.7359624 0.318642 0
-0.8000283 0.5191336 0.3007571 0
0.05592816 -0.4345798 0.898895 0
-0.4030249 1.410262 0.01358742 1

0.5301584 -0.7639762 0.3677943 0
-0.847351 -0.4617871 0.2622005 0
-0.03047227 -0.4506586 -0.8921762 0
0.4007569 1.393458 0.148249 1

0.02097422 0.0001768619 -0.9997802 0
-0.9997693 0.004646019 -0.02097318 0
0.004641238 0.9999896 0.0002742261 0
-0.203644 0.03345054 0.5138311 1

-0.02470792 -0.05661587 -0.9980903 0
-0.9996942 0.0001880929 0.02473693 0
-0.001212869 0.9983962 -0.05660313 0
0.2100375 0.04857349 -0.1753759 1

-0.02459275 0.7211573 -0.6923345 0
-0.7731931 0.4252723 0.4704419 0
0.6336936 0.5468781 0.5471354 0
-0.4907286 1.302207 -0.03319604 1

0.133582 0.7438772 0.6548306 0
-0.800477 -0.3085737 0.5138278 0
0.5842882 -0.592815 0.5542365 0
0.4785954 1.28129 0.2022491 1

-0.02459275 0.7211573 -0.6923345 0
-0.8017402 0.3994618 0.4445707 0
0.5971666 0.5660058 0.5683569 0
-0.4876966 1.213296 0.05216117 1

0.133582 0.7438772 0.6548306 0
-0.8256588 -0.2819166 0.4886829 0
0.5481277 -0.6059457 0.5765294 0
0.4950646 1.373002 0.2829824 1

0.1877374 0.5094816 -0.8397519 0
-0.8027294 0.5722672 0.1677368 0
0.5660213 0.642603 0.5164119 0
-0.4846646 1.124385 0.1375184 1

0.08310132 0.9615523 0.2617478 0
-0.8275025 -0.07977112 0.5557666 0
0.5552784 -0.2627817 0.7890576 0
0.5115339 1.464714 0.3637159 1

0.06828258 0.7561919 -0.6507771 0
-0.8559621 0.3794965 0.3511569 0
0.5125097 0.5330629 0.6731849 0
-0.5569819 1.093576 0.2212564 1

-0.2940308 0.7703724 -0.5657493 0
0.4559241 0.6332784 0.6253733 0
0.8400472 -0.07405972 -0.5374346 0
-0.4502068 1.110154 0.2594027 1

0.4254842 -0.3570884 -0.8315355 0
0.7456167 0.6590551 0.09850121 0
0.5128541 -0.6619175 0.5466684 0
0.5745918 1.560226 0.3733125 1

0.72912 -0.1567885 -0.6661844 0
-0.6841067 -0.1391568 -0.7159846 0
0.01955388 0.9777798 -0.2087219 0
0.4666915 1.58192 0.3414091 1

0.2166298 0.8035871 0.5543641 0
-0.5752395 0.5638701 -0.5925793 0
-0.7887785 -0.1905218 0.584406 0
0.5109662 1.68523 0.4979819 1

-0.7526619 0.6535597 0.07974927 0
-0.3310964 -0.4804029 0.8121503 0
0.5691004 0.5848699 0.5779722 0
-0.5617549 1.040718 0.2667457 1

0.1731527 0.9777158 0.1187021 0
0.5112414 -0.1922386 0.8376613 0
0.8418138 -0.08435796 -0.5331354 0
-0.4293298 1.055455 0.2995726 1

0.1865868 -0.595165 -0.781642 0
0.8317562 0.519117 -0.1967211 0
0.5228451 -0.61343 0.5918925 0
0.544258 1.585684 0.4325943 1

-0.105293 -0.214372 -0.9710605 0
-0.9941167 0.04764995 0.09727378 0
0.02541809 0.9755895 -0.2181278 0
0.4149217 1.593052 0.3887102 1

0.2166298 0.8035871 0.5543641 0
-0.5752395 0.5638701 -0.5925793 0
-0.7887785 -0.1905218 0.584406 0
0.5109662 1.68523 0.4979819 1

-0.7979591 0.2231795 0.5598678 0
0.1984582 -0.7798192 0.5937138 0
0.5691004 0.5848699 0.5779722 0
-0.5197793 1.004269 0.2622982 1

0.2350819 0.9427943 0.2363811 0
0.4842822 -0.3244719 0.81252 0
0.8427382 -0.07653356 -0.5328557 0
-0.4349062 1.023967 0.2957498 1

0.8112908 0.1449954 -0.5663778 0
0.2616115 0.776325 0.5734802 0
0.5228451 -0.61343 0.5918925 0
0.5338522 1.618876 0.4761861 1

-0.2788592 -0.1951997 -0.9402846 0
-0.9599949 0.08261036 0.267555 0
0.02545043 0.9772786 -0.2104272 0
0.4183128 1.599956 0.4199839 1

-0.2396176 -0.5544313 0.7969877 0
0.78658 -0.5920584 -0.175382 0
0.5691004 0.5848699 0.5779722 0
-0.4850577 0.9945583 0.2379368 1

0.3871153 0.7894989 0.4762705 0
-0.7594571 -0.019885 0.6502538 0
0.5228451 -0.61343 0.5918925 0
0.4985507 1.612567 0.5008308 1

-0.003340125 -0.9917169 -0.1283996 0
0.9991902 0.001838565 -0.04019292 0
0.04009607 -0.1284299 0.9909077 0
1.099942E-18 0.9876888 4.276415E-17 1

-0.00688134 -0.9915731 -0.1293653 0
0.9996779 -0.003661094 -0.02511401 0
0.02442876 -0.1294965 0.9912789 0
0.0003007571 1.076987 0.01156157 1

0.9991867 0.0009008875 -0.04031431 0
0.004308547 0.9916423 0.1289468 0
0.04009353 -0.1290156 0.9908317 0
-0.0001462118 0.9595332 -0.003658816 1

-0.01629192 -0.9909889 -0.1329493 0
0.999829 -0.01498431 -0.01083005 0
0.008740305 -0.133103 0.9910636 0
0.0009203783 1.166272 0.0232101 1

0.03735878 0.6511735 -0.758009 0
-0.9992309 0.03339504 -0.02055928 0
0.01192614 0.7581941 0.6519199 0
-0.1852874 0.9231876 0.04530497 1

-0.04768106 0.9568619 -0.2866044 0
-0.9981461 -0.03477751 0.0499483 0
0.03782625 0.2884547 0.956746 0
0.188403 0.9235245 0.03022764 1

-0.01947617 -0.9908058 -0.1338819 0
0.9997861 -0.02023338 0.004297418 0
-0.006966787 -0.1337696 0.990988 0
0.002228834 1.245861 0.03388768 1

0.03735878 0.6511735 -0.758009 0
-0.9989484 0.00415538 -0.0456639 0
-0.02658525 0.7589179 0.6506436 0
-0.1931149 0.7867519 0.2041251 1

-0.04768106 0.9568619 -0.2866044 0
-0.9985846 -0.03889562 0.03627247 0
0.0235601 0.2879283 0.957362 0
0.1983932 0.7230401 0.09027779 1

-0.005647122 -0.9912866 -0.1316007 0
0.9997288 -0.008570014 0.02165452 0
-0.02259366 -0.1314427 0.9910662 0
0.003793027 1.325436 0.04464015 1

-0.001441637 0.9925467 0.1218589 0
-0.9989484 0.00415538 -0.0456639 0
-0.04582985 -0.1217966 0.9914965 0
-0.2009424 0.6503162 0.3629453 1

0.004458316 0.6183958 0.7858541 0
-0.9985846 -0.03889562 0.03627247 0
0.05299703 -0.7849038 0.6173472 0
0.2083835 0.5225557 0.1503279 1

0.006576633 -0.7880929 -0.6155213 0
0.9997288 -0.008570014 0.02165452 0
-0.02234079 -0.6154968 0.7878228 0
0.004767913 1.658176 0.131318 1

0.9950942 -0.09862426 0.007780264 0
0.09672542 0.9864116 0.1328011 0
-0.02077196 -0.1313971 0.9911121 0
-0.1630501 1.495065 0.06333407 1

0.989325 0.02636662 0.1433222 0
0.04014542 -0.9947516 -0.09411459 0
0.1400885 0.09886365 -0.985191 0
0.1725524 1.492188 0.07060336 1

-0.001441637 0.9925467 0.1218589 0
-0.9989484 0.00415538 -0.0456639 0
-0.04582985 -0.1217966 0.9914965 0
-0.2005505 0.3804665 0.3298147 1

0.004458316 0.6183958 0.7858541 0
-0.9985846 -0.03889562 0.03627247 0
0.05299703 -0.7849038 0.6173472 0
0.2071714 0.3544287 -0.06332703 1

-0.001761332 -0.9959576 -0.08980691 0
0.9995061 -0.00457121 0.03109189 0
-0.03137673 -0.08970784 0.9954738 0
0.00424487 1.720853 0.1802707 1

0.5968748 0.750486 0.2837446 0
-0.7977603 0.5928294 0.110144 0
-0.0855506 -0.2921023 0.9525531 0
-0.3148856 1.510113 0.06214693 1

0.5251607 -0.7763196 0.3486177 0
-0.8233752 -0.567055 -0.02240776 0
0.215081 -0.2752754 -0.9369971 0
0.3235075 1.496211 0.09247203 1

0.02016784 0.4170828 -0.9086448 0
-0.9997905 0.005187718 -0.01980967 0
-0.003548441 0.9088539 0.4170999 0
-0.2001585 0.1106167 0.2966842 1

-0.02040955 0.5991789 -0.8003549 0
-0.9996707 0.0002209961 0.02565766 0
0.01555041 0.8006154 0.598977 0
0.2059593 0.1863015 -0.276982 1

0.5968748 0.750486 0.2837446 0
-0.7984111 0.5206444 0.302438 0
0.07924544 -0.4070625 0.909956 0
-0.4025194 1.399926 0.02048717 1

0.5251607 -0.7763196 0.3486177 0
-0.8500225 -0.458859 0.2586705 0
-0.04084459 -0.4321763 -0.9008635 0
0.4006123 1.382231 0.1436565 1

0.01983464 0.004816785 -0.9997916 0
-0.9997905 0.005187718 -0.01980967 0
0.005091231 0.9999752 0.004918702 0
-0.2038734 0.03379112 0.4640545 1

-0.02563162 -0.05442388 -0.9981888 0
-0.9996707 0.0002210029 0.02565761 0
-0.001175774 0.9985181 -0.05441163 0
0.2097187 0.07593435 -0.1295586 1

-0.04312467 0.7139699 -0.6988471 0
-0.7643192 0.4268949 0.4832978 0
0.6433944 0.5549843 0.5272914 0
-0.4901535 1.289739 -0.02117258 1

0.1443678 0.7351172 0.6623902 0
-0.798503 -0.3088098 0.5167491 0
0.5844237 -0.6035224 0.5424111 0
0.4777171 1.268251 0.194841 1

-0.04312467 0.7139699 -0.6988471 0
-0.7923115 0.4016639 0.4592481 0
0.6085909 0.5735093 0.548365 0
-0.4848366 1.201714 0.06498754 1

0.1443678 0.7351172 0.6623902 0
-0.8288109 -0.2758678 0.4867955 0
0.5405837 -0.6192735 0.5694467 0
0.4955161 1.358882 0.2765064 1

0.1622317 0.4998828 -0.8507631 0
-0.8006481 0.5706283 0.1826088 0
0.5767525 0.6515369 0.4928043 0
-0.4795198 1.113689 0.1511477 1

0.08625823 0.9607468 0.2636768 0
-0.8348143 -0.07474274 0.5454345 0
0.543732 -0.2671693 0.7955981 0
0.513315 1.449514 0.3581719 1

0.04677279 0.7483689 -0.6616318 0
-0.847905 0.3799054 0.3697685 0
0.5280806 0.5437057 0.6523152 0
-0.5493712 1.083591 0.2372052 1

-0.3131485 0.7619466 -0.5669001 0
0.4697193 0.643061 0.6048444 0
0.8254101 -0.07687785 -0.5592744 0
-0.4416769 1.101128 0.2722088 1

0.4333345 -0.3591856 -0.8265634 0
0.7487116 0.6539848 0.1083289 0
0.5016496 -0.6658002 0.5523205 0
0.5768834 1.544596 0.3686379 1

0.7362314 -0.1610588 -0.6572853 0
-0.676124 -0.1339659 -0.7245064 0
0.02863446 0.9778105 -0.2075257 0
0.4695323 1.567036 0.3354259 1

0.2151094 0.8016382 0.557767 0
-0.5641142 0.5682112 -0.5990921 0
-0.7971847 -0.185774 0.5744432 0
0.5125567 1.669911 0.4926324 1

-0.7534018 0.6510516 0.09229305 0
-0.3064319 -0.4718041 0.8267409 0
0.5817952 0.5945863 0.5549609 0
-0.5526406 1.03128 0.2834532 1

0.1715295 0.9798937 0.1019135 0
0.5348641 -0.1794989 0.8256516 0
0.8273441 -0.08711376 -0.554899 0
-0.4194424 1.047027 0.3124604 1

0.1922605 -0.5957086 -0.7798507 0
0.8375573 0.5137349 -0.1859421 0
0.5114039 -0.6174201 0.5977111 0
0.5459902 1.570203 0.427565 1

-0.09471813 -0.2128126 -0.9724916 0
-0.994903 0.05418849 0.08504276 0
0.03459962 0.9755895 -0.2168604 0
0.4172575 1.578472 0.3820951 1

0.2151094 0.8016382 0.557767 0
-0.5641142 0.5682112 -0.5990921 0
-0.7971847 -0.185774 0.5744432 0
0.5125567 1.669911 0.4926324 1

-0.7834577 0.2264552 0.578716 0
0.2184228 -0.7714825 0.5975837 0
0.5817952 0.5945863 0.5549609 0
-0.5106238 0.9949707 0.2783061 1

0.2368199 0.9467172 0.2182732 0
0.5078775 -0.3121556 0.8028819 0
0.8282373 -0.07928244 -0.5547407 0
-0.4249666 1.015469 0.3091783 1

0.8191693 0.1400829 -0.5561824 0
0.2596692 0.7740602 0.5774105 0
0.5114039 -0.6174201 0.5977111 0
0.5352681 1.603426 0.471057 1

-0.2685196 -0.1925111 -0.9438416 0
-0.9626546 0.08877116 0.2557658 0
0.03454822 0.9772713 -0.2091585 0
0.420308 1.585325 0.4134149 1

-0.2150392 -0.5455959 0.8099899 0
0.7843932 -0.5905865 -0.1895657 0
0.5817952 0.5945863 0.5549609 0
-0.4765333 0.985117 0.2531246 1

0.3864488 0.7864828 0.4817699 0
-0.7675442 -0.01539436 0.6408119 0
0.5114039 -0.6174201 0.5977111 0
0.4996236 1.59733 0.4952582 1

-0.001834154 -0.991715 -0.1284444 0
0.9995057 0.002212942 -0.03135907 0
0.03138351 -0.1284384 0.9912208 0
1.583093E-18 0.9920155 6.381729E-17 1

-0.006024723 -0.9915751 -0.1293926 0
0.9997938 -0.003463564 -0.02000993 0
0.0193932 -0.1294865 0.9913915 0
0.000165154 1.081313 0.0115656 1

0.9995036 0.001275266 -0.0314805 0
0.002797729 0.9916407 0.1290001 0
0.03138186 -0.1290241 0.9911447 0
-0.0001147926 0.9638598 -0.003659512 1

-0.0172725 -0.9909687 -0.1329765 0
0.9998235 -0.01613659 -0.009615555 0
0.007382941 -0.1331191 0.9910725 0
0.0007076422 1.170598 0.02321659 1

0.03800756 0.677583 -0.7344636 0
-0.9992542 0.03078845 -0.02330615 0
0.006821125 0.7348018 0.6782478 0
-0.1856679 0.9274438 0.04366508 1

-0.05110753 0.9007598 -0.4313004 0
-0.9983782 -0.03523615 0.04471423 0
0.02507941 0.4328864 0.9010997 0
0.1881409 0.9279208 0.03189155 1

-0.02103618 -0.9907677 -0.1339283 0
0.9997679 -0.02146903 0.001788189 0
-0.00464698 -0.1338596 0.9909893 0
0.002094852 1.250186 0.03389636 1

0.03800756 0.677583 -0.7344636 0
-0.9989513 0.006986052 -0.04524949 0
-0.0255293 0.7354132 0.6771379 0
-0.1936314 0.7854747 0.1975519 1

-0.05110753 0.9007598 -0.4313004 0
-0.9985377 -0.03846889 0.03798164 0
0.01762069 0.4326111 0.9014084 0
0.1988491 0.7391911 0.1222588 1

-0.008630047 -0.9912765 -0.131516 0
0.9998252 -0.01073594 0.01531147 0
-0.01658984 -0.1313608 0.9911958 0
0.003784334 1.329758 0.04465256 1

-0.003074559 0.975825 0.2185324 0
-0.9989513 0.006986052 -0.04524949 0
-0.04568224 -0.2184424 0.9747801 0
-0.2015948 0.6435056 0.3514388 1

0.007410476 0.5985507 0.8010508 0
-0.9985377 -0.03846889 0.03798164 0
0.05354954 -0.8001609 0.5973903 0
0.2095573 0.5504614 0.2126261 1

0.0009633526 -0.7881256 -0.6155137 0
0.9998252 -0.01073594 0.01531147 0
-0.01867546 -0.6154209 0.7879773 0
0.006030183 1.662498 0.131307 1

0.9949076 -0.1007804 0.001471099 0
0.09970336 0.9862041 0.1321387 0
-0.01476779 -0.1313191 0.9912302 0
-0.1625688 1.499749 0.06439675 1

0.9902692 0.02422717 0.1370411 0
0.0373918 -0.9948395 -0.09432096 0
0.1340487 0.09852736 -0.9860646 0
0.173066 1.496145 0.06953672 1

-0.003074559 0.975825 0.2185324 0
-0.9989513 0.006986052 -0.04524949 0
-0.04568224 -0.2184424 0.9747801 0
-0.2007589 0.3782021 0.2920251 1

0.007410476 0.5985507 0.8010508 0
-0.9985377 -0.03846889 0.03798164 0
0.05354954 -0.8001609 0.5973903 0
0.2075426 0.3877297 -0.005160511 1

-0.001028555 -0.9962054 -0.08702618 0
0.9994772 -0.003836664 0.03210581 0
-0.03231787 -0.08694766 0.9956886 0
0.005953567 1.725178 0.1802591 1

0.5957641 0.7655639 0.2428517 0
-0.8002322 0.5915987 0.09817955 0
-0.06850799 -0.2528296 0.9650823 0
-0.3143758 1.515126 0.0641723 1

0.5191604 -0.7898967 0.3263986 0
-0.8287224 -0.5586393 -0.03378531 0
0.2090259 -0.2529537 -0.9446284 0
0.3241652 1.499841 0.09044701 1

0.01936127 0.4193526 -0.907617 0
-0.9998046 0.004496867 -0.01925013 0
-0.003991177 0.9078124 0.4193576 0
-0.199923 0.1128986 0.2326113 1

-0.02104794 0.59821 -0.8010631 0
-0.9996489 0.000305775 0.02649403 0
0.0160939 0.8013396 0.5979934 0
0.2055278 0.2249981 -0.2229471 1

0.5957641 0.7655639 0.2428517 0
-0.7961563 0.5230826 0.3041705 0
0.1058306 -0.3745618 0.9211425 0
-0.4018467 1.402725 0.0285165 1

0.5191604 -0.7898967 0.3263986 0
-0.8530615 -0.4554334 0.2546899 0
-0.05252588 -0.4106629 -0.9102734 0
0.4003891 1.383868 0.1383693 1

0.01922433 -0.005708545 -0.999799 0
-0.9998046 0.004496863 -0.01925011 0
0.004605821 0.9999738 -0.005621001 0
-0.2034893 0.03565484 0.3997923 1

-0.02646382 0.0376156 -0.9989418 0
-0.9996489 0.0003057754 0.02649403 0
0.001301966 0.9992925 0.03759439 0
0.2094048 0.1148092 -0.07539315 1

-0.06696893 0.7025027 -0.7085232 0
-0.7532526 0.4300874 0.4976296 0
0.654313 0.5670226 0.5003595 0
-0.4893176 1.290324 -0.007139295 1

0.1565853 0.724835 0.6708916 0
-0.7961746 -0.3093255 0.5200232 0
0.5844548 -0.6155746 0.5286593 0
0.4766128 1.267894 0.1862915 1

-0.06696893 0.7025027 -0.7085232 0
-0.7805032 0.4054847 0.4758117 0
0.6215543 0.5848693 0.5211507 0
-0.481061 1.203713 0.08021378 1

0.1565853 0.724835 0.6708916 0
-0.8322413 -0.2689444 0.4848131 0
0.5318421 -0.634258 0.5611248 0
0.4959181 1.357258 0.269005 1

0.1296276 0.4847265 -0.8650067 0
-0.7980015 0.5687982 0.1991529 0
0.5885493 0.6644611 0.4605446 0
-0.4728045 1.117102 0.1675668 1

0.08985756 0.9598182 0.2658475 0
-0.8428954 -0.06889711 0.5336488 0
0.5305217 -0.2720339 0.8028353 0
0.5152233 1.446622 0.3517185 1

0.01891083 0.735997 -0.6767206 0
-0.8375055 0.3813511 0.3913512 0
0.5461014 0.5593564 0.6236134 0
-0.539471 1.088187 0.2565083 1

-0.337665 0.7490401 -0.5700188 0
0.4854541 0.6574161 0.5763146 0
0.8064222 -0.08211668 -0.585611 0
-0.4307749 1.107079 0.2874783 1

0.4420989 -0.3617046 -0.8208036 0
0.7520686 0.6481711 0.1194467 0
0.4888166 -0.6701077 0.5585824 0
0.5793595 1.541208 0.3631692 1

0.744097 -0.1660442 -0.6471084 0
-0.6669354 -0.1281486 -0.7340133 0
0.03895269 0.9777565 -0.2060955 0
0.472656 1.564495 0.328485 1

0.2133766 0.7994621 0.5615435 0
-0.5513609 0.5730399 -0.6063222 0
-0.8065184 -0.1802382 0.5630654 0
0.5142601 1.666894 0.4863829 1

-0.7544288 0.6478012 0.1057879 0
-0.2747577 -0.4580398 0.8454039 0
0.5961086 0.6087308 0.5235466 0
-0.5407928 1.036741 0.303811 1

0.167935 0.9827349 0.0776543 0
0.5639165 -0.1603786 0.8101091 0
0.8085766 -0.09225526 -0.5811137 0
-0.4067997 1.053895 0.3279513 1

0.1986074 -0.5964307 -0.7777054 0
0.843949 0.5075225 -0.1736999 0
0.4983029 -0.6218454 0.6041545 0
0.5478415 1.566995 0.4216858 1

-0.08273733 -0.2111848 -0.9739385 0
-0.995554 0.06167439 0.07120036 0
0.04503068 0.9754987 -0.2153485 0
0.4198229 1.576284 0.3744316 1

0.2133766 0.7994621 0.5615435 0
-0.5513609 0.5730399 -0.6063222 0
-0.8065184 -0.1802382 0.5630654 0
0.5142601 1.666894 0.4863829 1

-0.7648955 0.2323031 0.6008077 0
0.2441087 -0.7586052 0.6040936 0
0.5961086 0.6087308 0.5235466 0
-0.4987188 1.000613 0.2979113 1

0.2373818 0.9521894 0.1923156 0
0.5371134 -0.2936141 0.7907591 0
0.809419 -0.08441669 -0.5811324 0
-0.4122081 1.022245 0.3254504 1

0.8278984 0.1343642 -0.5445465 0
0.257447 0.7715276 0.5817787 0
0.4983029 -0.6218454 0.6041545 0
0.5367653 1.600258 0.4650582 1

-0.256763 -0.1895887 -0.9476968 0
-0.965432 0.0958526 0.2423926 0
0.0448844 0.9771738 -0.2076463 0
0.4224875 1.583086 0.4057979 1

-0.1834663 -0.5315434 0.8269229 0
0.7816614 -0.5889891 -0.2051761 0
0.5961086 0.6087308 0.5235466 0
-0.4654359 0.9905052 0.2717684 1

0.3856409 0.7830744 0.4879304 0
-0.7765154 -0.01015049 0.6300172 0
0.4983029 -0.6218454 0.6041545 0
0.5007409 1.594411 0.488753 1

-0.0001944304 -0.9917124 -0.1284776 0
0.9997602 0.002620518 -0.02174078 0
0.02189727 -0.1284511 0.9914741 0
5.551093E-19 1.00842 5.329066E-17 1

-0.005093505 -0.9915771 -0.1294175 0
0.9998901 -0.003248794 -0.01446122 0
0.01391896 -0.1294769 0.9914848 0
1.750722E-05 1.097718 0.0115686 1

0.9997597 0.001682845 -0.02186224 0
0.001152645 0.9916385 0.1290426 0
0.02189659 -0.1290367 0.991398 0
-8.080572E-05 0.9802644 -0.003660042 1

-0.01834483 -0.990944 -0.133017 0
0.9998141 -0.01739368 -0.008309307 0
0.005920402 -0.1331447 0.991079 0
0.0004761451 1.187003 0.02322183 1

0.0368684 0.7447894 -0.6662806 0
-0.9993187 0.02625312 -0.02595044 0
-0.001835618 0.6667834 0.7452496 0
-0.1860659 0.9437717 0.04187626 1

-0.05349845 0.8263158 -0.5606607 0
-0.9984954 -0.03749793 0.04001142 0
0.01203843 0.5619578 0.8270784 0
0.1878388 0.944401 0.0336999 1

-0.02274038 -0.9907218 -0.1339901 0
0.9997391 -0.02281667 -0.0009664844 0
-0.002099695 -0.1339772 0.9909822 0
